4.999999999999999774e-07 0.000000000000000000e+00 0.000000000000000000e+00 0.000000000000000000e+00 0.000000000000000000e+00 0.000000000000000000e+00 0.000000000000000000e+00 0.000000000000000000e+00 0.000000000000000000e+00 0.000000000000000000e+00 0.000000000000000000e+00
0.000000000000000000e+00 1.000000000000000000e+00 0.000000000000000000e+00 0.000000000000000000e+00 0.000000000000000000e+00 0.000000000000000000e+00 0.000000000000000000e+00 0.000000000000000000e+00 0.000000000000000000e+00 0.000000000000000000e+00 0.000000000000000000e+00
7.461999999999999453e-07 7.633587786259541375e-01 2.061068702290076438e-01 3.053435114503816675e-02 0.000000000000000000e+00 0.000000000000000000e+00 0.000000000000000000e+00 0.000000000000000000e+00 0.000000000000000000e+00 0.000000000000000000e+00 0.000000000000000000e+00
1.492399999999999891e-06 6.134969325153374342e-01 3.190184049079754502e-01 6.134969325153374203e-02 6.134969325153373509e-03 0.000000000000000000e+00 0.000000000000000000e+00 0.000000000000000000e+00 0.000000000000000000e+00 0.000000000000000000e+00 0.000000000000000000e+00
2.238600000000000048e-06 5.780346820809248998e-01 3.352601156069364152e-01 7.514450867052023531e-02 1.156069364161849827e-02 0.000000000000000000e+00 0.000000000000000000e+00 0.000000000000000000e+00 0.000000000000000000e+00 0.000000000000000000e+00 0.000000000000000000e+00
3.730999999999999515e-06 2.964426877470355270e-01 3.952569169960473694e-01 2.213438735177865602e-01 7.114624505928852927e-02 1.581027667984189616e-02 0.000000000000000000e+00 0.000000000000000000e+00 0.000000000000000000e+00 0.000000000000000000e+00 0.000000000000000000e+00
7.461999999999999029e-06 1.666666666666666574e-01 3.401360544217686965e-01 2.993197278911564618e-01 1.428571428571428492e-01 4.081632653061224164e-02 6.802721088435374763e-03 0.000000000000000000e+00 0.000000000000000000e+00 0.000000000000000000e+00 3.401360544217687382e-03
1.119299999999999939e-05 3.517587939698493121e-02 1.457286432160803946e-01 2.512562814070351536e-01 2.487437185929648187e-01 1.834170854271356677e-01 9.045226130653266639e-02 3.517587939698493121e-02 1.005025125628140718e-02 0.000000000000000000e+00 0.000000000000000000e+00
1.492399999999999806e-05 1.002949852507374617e-01 2.684365781710914556e-01 2.949852507374631227e-01 2.005899705014749235e-01 9.439528023598819928e-02 3.244837758112094350e-02 8.849557522123893682e-03 0.000000000000000000e+00 0.000000000000000000e+00 0.000000000000000000e+00
1.865499999999999673e-05 2.674897119341564100e-02 9.670781893004115615e-02 1.707818930041152261e-01 2.057613168724280184e-01 1.975308641975308810e-01 1.358024691358024894e-01 9.259259259259260133e-02 4.526748971193415849e-02 2.057613168724280184e-02 8.230452674897120041e-03
